camera_idx: [1, 4]
end_j: [-0.55622 ,  0.829851,  1.414142,  0.003835,  0.63844 , -0.538044]
end_p: 