camera_idx: [2, 5]
crop_size: 96
crop_center: [[300,210], [285,215]]
end_jnt: [-0.643114,  0.884175,  1.506969,  0.026845,  0.658014, -0.46307 ]
start_jnt: [-0.843937,  0.568185,  1.222027,  0.453867,  0.593299, -0.992486]