camera_idx: [2, 5]
crop_size: 96
crop_center: [[300,210], [285,215]]
end_jnt: [-0.643114,  0.884175,  1.506969,  0.026845,  0.658014, -0.46307 ]
start_jnt: [-0.670654,  0.708091,  1.460846,  0.00882 ,  0.772503, -0.468056]